%YAML:1.0
---
ProjectionMat: !!opencv-matrix
   rows: 3
   cols: 4
   dt: d
   data: [461, 0, 333, 0, 0, 463, 184, 0, 0, 0, 1, 0]
