%YAML:1.0
---
ProjectionMat: !!opencv-matrix
   rows: 3
   cols: 4
   dt: d
   data: [1753.18408203125, 0, 1034.195586571179, 0, 0, 1930.464599609375, 626.0232451929842, 0, 0, 0, 1, 0]
Height: 4.0
DepressionAngle: 15.0
